000255000000255000000255000000255000000255000000255000000255000000255000000255000000255000000255000255255255255255255000255000255255255000255000000255000000255000000255000000255000000255000000255000000255000000255000000255000000255000000255000000255000000255000000255000255255255255255255000255000000255000000255000000255000000255000000255000000255000000255000000255000000255000000255000000255000000255000000255000000255000000255000000255000000255000000255000000255000000255000000255000000255000000255000000255000000255000000255000000255000
000255000000255000000255000000255000000255000255255255000255000000255000000255000000255000000255000000255000000255000000255000000255000000255000255255255000255000000255000000255000000255000000255000000255000000255000000255000000255000000255000000255000000255000255255255255255255000255000000255000000255000000255000000255000000255000000255000000255000000255000000255000000255000000255000000255000000255000000255000000255000255255255000255000000255000000255000000255000000255000000255000000255000000255000000255000000255000000255000000255000
000255000000255000000255000000255000000255000000255000000255000000255000000255000255255255000255000000255000255255255255255255000255000000255000000255000000255000000255000000255000000255000255255255000255000000255000000255000000255000000255000255255255000255000000255000000255000000255000000255000000255000000255000000255000000255000000255000000255000000255000000255000000255000000255000000255000000255000000255000000255000000255000000255000000255000000255000000255000000255000000255000000255000000255000000255000000255000000255000000255000
255255255000255000000255000000255000000255000000255000000255000000255000000255000000255000000255000000255000000255000000255000000255000000255000000255000000255000000255000000255000255255255000255000000255000000255000000255000000255000000255000000255000000255000000255000000255000000255000000255000000255000000255000000255000000255000000255000000255000000255000000255000000255000000255000255255255000255000000255000000255000000255000000255000000255000000255000000255000000255000000255000000255000000255000000255000000255000255255255000255000
000255000000255000000255000255255255000255000000255000000255000000255000000255000000255000000255000000255000000255000000255000255255255000255000000255000000255000000255000000255000000255000000255000000255000000255000000255000000255000000255000000255000000255000000255000000255000000255000000255000000255000000255000000255000000255000000255000000255000000255000000255000000255000255255255000255000000255000000255000255255255000255000000255000000255000000255000000255000000255000000255000255255255000255000000255000000255000000255000000255000
000255000000255000000255000000255000000255000000255000000255000000255000000255000000255000000255000000255000000255000255255255000255000000255000000255000000255000255255255000255000000255000000255000255255255000255000000255000000255000000255000000255000000255000000255000000255000000255000255255255000255000000255000000255000000255000000255000000255000000255000000255000000255000000255000000255000000255000000255000000255000000255000000255000000255000000255000000255000255255255000255000000255000000255000000255000000255000000255000000255000
000255000000255000000255000000255000000255000000255000000255000000255000000255000000255000000255000000255000255255255000255000000255000000255000000255000000255000000255000000255000000255000000255000000255000000255000000255000000255000000255000000255000000255000255255255000255000000255000000255000000255000000255000000255000000255000000255000255255255255255255000255000000255000000255000000255000000255000000255000000255000255255255000255000000255000000255000000255000000255000000255000000255000000255000000255000000255000000255000000255000
000255000000255000000255000000255000000255000000255000000255000000255000000255000000255000000255000000255000000255000000255000000255000000255000255255255000255000000255000000255000000255000000255000255255255000255000000255000000255000000255000000255000255255255000255000000255000000255000000255000000255000000255000255255255000255000000255000000255000000255000000255000000255000000255000000255000000255000000255000000255000000255000000255000000255000000255000000255000000255000000255000000255000000255000000255000000255000000255000000255000
000255000000255000000255000000255000000255000000255000000255000000255000000255000000255000000255000000255000000255000000255000000255000000255000000255000000255000000255000255255255255255255000255000000255000000255000000255000000255000000255000000255000000255000000255000000255000000255000000255000255255255000255000000255000000255000000255000000255000000255000000255000000255000000255000000255000000255000000255000000255000000255000000255000255255255000255000000255000000255000000255000000255000255255255000255000000255000000255000000255000
000255000000255000000255000000255000000255000000255000000255000000255000000255000000255000000255000000255000000255000000255000255255255255255255000255000000255000255255255000255000000255000000255000000255000000255000000255000000255000000255000000255000000255000000255000000255000000255000000255000000255000000255000000255000000255000000255000000255000000255000255255255000255000000255000000255000000255000000255000000255000000255000000255000000255000000255000000255000000255000000255000000255000000255000000255000000255000255255255000255000
000255000000255000000255000000255000000255000000255000000255000000255000000255000000255000000255000000255000000255000255255255000255000000255000000255000000255000000255000000255000000255000000255000000255000000255000000255000000255000000255000000255000000255000000255000000255000000255000255255255000255000000255000000255000000255000000255000000255000000255000000255000000255000000255000000255000000255000000255000000255000000255000255255255000255000000255000000255000255255255000255000255255255000255000000255000000255000000255000000255000
000255000000255000000255000000255000000255000000255000000255000000255000000255000000255000000255000000255000000255000000255000000255000000255000255255255000255000000255000255255255000255000000255000000255000000255000000255000000255000000255000000255000000255000000255000255255255000255000000255000000255000000255000000255000000255000000255000000255000000255000000255000000255000000255000000255000255255255000255000000255000000255000000255000000255000000255000000255000255255255000255000000255000000255000000255000000255000000255000000255000
000255000000255000000255000000255000000255000000255000000255000000255000000255000000255000000255000000255000000255000000255000000255000000255000000255000000255000000255000000255000000255000000255000000255000000255000000255000000255000000255000000255000000255000000255000000255000000255000000255000255255255000255000255255255000255000255255255000255000000255000000255000000255000000255000000255000000255000000255000000255000000255000000255000000255000000255000000255000000255000000255000255255255000255000000255000000255000255255255000255000
000255000000255000000255000000255000255255255000255000000255000000255000000255000255255255000255000000255000000255000000255000000255000000255000000255000000255000000255000000255000000255000000255000255255255000255000000255000000255000000255000000255000000255000000255000000255000000255000000255000255255255255255255000255000000255000000255000000255000000255000000255000000255000000255000000255000000255000000255000000255000000255000000255000000255000000255000000255000000255000000255000000255000000255000000255000000255000000255000000255000
000255000000255000000255000000255000255255255000255000000255000000255000000255000000255000000255000000255000000255000000255000000255000000255000000255000000255000000255000000255000000255000000255000000255000000255000000255000255255255000255000000255000000255000000255000000255000000255000000255000000255000000255000000255000255255255000255000000255000000255000000255000000255000000255000000255000000255000000255000000255000000255000000255000000255000000255000255255255000255000000255000255255255000255000000255000000255000000255000000255000
000255000000255000000255000000255000000255000000255000000255000255255255000255000000255000000255000000255000000255000255255255000255000000255000000255000000255000000255000000255000000255000000255000000255000000255000000255000000255000000255000255255255000255000000255000000255000000255000000255000000255000255255255000255000000255000000255000000255000000255000000255000000255000000255000000255000000255000000255000000255000000255000000255000000255000000255000000255000000255000000255000255255255000255000000255000000255000000255000000255000
255255255000255000000255000255255255000255000000255000000255000000255000000255000000255000000255000000255000000255000000255000000255000000255000000255000000255000000255000000255000000255000000255000000255000000255000000255000000255000000255000000255000000255000000255000000255000000255000255255255255255255000255000000255000000255000000255000000255000000255000000255000000255000000255000000255000000255000000255000000255000000255000000255000000255000000255000000255000000255000000255000000255000000255000000255000000255000000255000000255000
000255000000255000000255000000255000000255000000255000000255000000255000000255000000255000000255000000255000000255000000255000000255000000255000000255000000255000000255000000255000000255000000255000255255255000255000000255000000255000000255000000255000000255000000255000000255000000255000000255000000255000000255000000255000000255000000255000000255000000255000000255000000255000000255000000255000255255255000255000000255000000255000000255000000255000000255000000255000000255000000255000000255000000255000000255000255255255255255255000255000
000255000000255000000255000255255255000255000255255255000255000000255000000255000000255000000255000000255000000255000000255000000255000000255000000255000000255000000255000000255000000255000000255000000255000255255255000255000000255000000255000000255000000255000000255000255255255000255000000255000000255000000255000000255000000255000255255255000255000000255000000255000000255000000255000000255000000255000000255000000255000000255000000255000000255000000255000000255000000255000000255000000255000000255000000255000000255000000255000000255000
255255255255255255000255000000255000000255000000255000000255000000255000000255000000255000000255000000255000000255000000255000000255000255255255000255000000255000000255000000255000000255000000255000000255000000255000000255000000255000000255000000255000000255000000255000000255000000255000000255000000255000000255000000255000000255000000255000000255000000255000000255000000255000000255000255255255255255255000255000000255000000255000000255000000255000000255000000255000000255000000255000000255000000255000000255000000255000000255000000255000
000255000000255000000255000000255000255255255000255000000255000000255000000255000000255000000255000000255000000255000000255000000255000000255000000255000000255000000255000000255000000255000000255000000255000000255000255255255000255000000255000000255000000255000000255000000255000000255000000255000000255000000255000000255000255255255000255000000255000000255000000255000000255000255255255000255000000255000000255000000255000000255000000255000000255000000255000000255000000255000255255255000255000000255000000255000000255000000255000000255000
000255000000255000255255255000255000000255000000255000000255000000255000000255000000255000000255000000255000000255000000255000000255000000255000000255000000255000000255000255255255000255000000255000000255000000255000000255000000255000000255000255255255000255000000255000000255000000255000000255000000255000000255000000255000000255000000255000000255000000255000255255255000255000000255000000255000000255000000255000000255000000255000000255000000255000000255000000255000000255000000255000000255000000255000000255000000255000000255000000255000
000255000000255000255255255000255000000255000000255000000255000000255000000255000000255000000255000000255000000255000000255000000255000000255000000255000000255000000255000000255000000255000000255000255255255000255000000255000000255000000255000000255000000255000000255000255255255000255000000255000000255000000255000000255000000255000000255000000255000000255000000255000000255000000255000000255000255255255000255000000255000000255000255255255000255000000255000000255000000255000000255000000255000000255000000255000000255000000255000000255000
000255000255255255000255000000255000000255000000255000000255000000255000000255000000255000000255000000255000000255000000255000000255000000255000000255000000255000000255000000255000000255000000255000000255000000255000255255255000255000000255000000255000000255000000255000000255000000255000000255000000255000000255000000255000255255255255255255000255000000255000000255000000255000000255000000255000000255000000255000000255000000255000000255000000255000255255255000255000000255000000255000000255000000255000000255000000255000000255000000255000
000255000255255255000255000000255000000255000000255000000255000000255000000255000000255000000255000255255255255255255000255000000255000000255000000255000000255000000255000000255000000255000000255000000255000255255255000255000000255000000255000000255000000255000000255000000255000000255000000255000000255000000255000000255000000255000000255000000255000000255000000255000000255000000255000000255000000255000000255000000255000000255000000255000255255255000255000000255000000255000000255000000255000000255000000255000000255000000255000000255000
